4225528741
245483860
1368856596
2998352690
954422577
279416388
4236406851
1286790059
1222755688
3689018587
582201678
3417482941
3425798919
374503910
4023586273
655298279
3454677257
3531844609
2791960887
702574177
3302814270
2042273396
2983594279
2005969362
1518825160
2319984452
3277023994
3690703750
1293850832
3577546057
923150977
440318535
502036987
2657530038
1715041951
318322450
3918578289
3646680299
2974744539
1344726725
595489787
2715904613
4042127116
1274054850
1116681121
1660454890
1190830569
3331519993
4215069190
1275566812
1715366480
970390480
1995126862
2325547638
2742255460
2794533481
3717929614
2824354127
1356482160
4224068105
3619099793
65384195
3063058880
2319810156
2721559308
2513745237
489306406
3102342007
2498513784
2714708088
2442082289
2981578523
2176499731
2176299874
3143370998
1024537579
1419631007
4038087118
3669495389
2623262526
1167684091
769798571
2659213514
2863775693
2043381976
2063035209
887749183
235011029
3328816116
1478929138
880798430
3046315791
1843215131
2960704624
3233971127
2409859137
1399311446
3123113107
140481357
212299467
2640369381
4273546829
203547789
2163110980
1708944898
501118560
2035632
4221609306
3150770648
1568547911
2227886828
178092789
3846381403
2356918297
472973265
96166186
4188376949
3164891597
1497502842
459127159
4090496102
285982944
1040386767
233676228
3954286556
706378798
1868265607
2725300800
2368506681
1024571409
27789323
293492224
3992024697
1982262698
486123767
683759559
1393403109
3939903542
1139098941
1093512725
839971188
263055919
1474027526
2741357410
2129178035
4102881897
1412339237
759656615
659866030
3083909097
2634770241
1337960287
588197748
2491199047
1361449239
3586635342
2273651533
2562321534
2015878979
299360409
232732320
3584675180
2977970642
1526944241
3151106881
4078921930
327959601
2927960732
3288629643
408674885
1895587361
2326334695
4167049202
3900659661
1996398670
535877825
350056088
3299366177
345787235
1340584762
428857094
3547741198
2999992089
651662787
2947987524
1438360211
4248243609
2717137590
1148120764
109590405
951389809
4139407661
3526291539
3974869514
1755995923
1605523641
52240518
1514128372
3967583428
957991342
