time [s]	separation [m]	mean speed [m/s]
1.000000e-12	6.218850e-10	2.463450e+02
2.000000e-12	6.102888e-10	2.558313e+02
3.000000e-12	5.929147e-10	2.637570e+02
4.000000e-12	5.334138e-10	2.754709e+02
5.000000e-12	5.078604e-10	2.847576e+02
6.000000e-12	4.955724e-10	2.927040e+02
7.000000e-12	4.759007e-10	2.987477e+02
8.000000e-12	4.703130e-10	3.032898e+02
9.000000e-12	4.696040e-10	3.049725e+02
1.000000e-11	4.651935e-10	3.075505e+02
1.100000e-11	4.513675e-10	3.084470e+02
1.200000e-11	4.517625e-10	3.112193e+02
1.300000e-11	4.532439e-10	3.121633e+02
1.400000e-11	4.559687e-10	3.135334e+02
1.500000e-11	4.535644e-10	3.136310e+02
1.600000e-11	4.568077e-10	3.139034e+02
1.700000e-11	4.605321e-10	3.168399e+02
1.800000e-11	4.461031e-10	3.178499e+02
1.900000e-11	4.492565e-10	3.191240e+02
2.000000e-11	4.447668e-10	3.196817e+02
2.100000e-11	4.391913e-10	3.218846e+02
2.200000e-11	4.325614e-10	3.241655e+02
2.300000e-11	4.343740e-10	3.248804e+02
2.400000e-11	4.362219e-10	3.260769e+02
2.500000e-11	4.408613e-10	3.243702e+02
2.600000e-11	4.278033e-10	3.269995e+02
2.700000e-11	4.290312e-10	3.281900e+02
2.800000e-11	4.288874e-10	3.287084e+02
2.900000e-11	4.332027e-10	3.290214e+02
3.000000e-11	4.215588e-10	3.311938e+02
3.100000e-11	4.206602e-10	3.338476e+02
3.200000e-11	4.250901e-10	3.336816e+02
3.300000e-11	4.183234e-10	3.344289e+02
3.400000e-11	4.205237e-10	3.341637e+02
3.500000e-11	4.131960e-10	3.348136e+02
3.600000e-11	4.112929e-10	3.358531e+02
3.700000e-11	4.273970e-10	3.352478e+02
3.800000e-11	4.217449e-10	3.367108e+02
3.900000e-11	4.112865e-10	3.381108e+02
4.000000e-11	4.093201e-10	3.385663e+02
4.100000e-11	4.107994e-10	3.390712e+02
4.200000e-11	4.210753e-10	3.379651e+02
4.300000e-11	4.141418e-10	3.381109e+02
4.400000e-11	4.086548e-10	3.404904e+02
4.500000e-11	4.086732e-10	3.404649e+02
4.600000e-11	4.072786e-10	3.415108e+02
4.700000e-11	4.098919e-10	3.427270e+02
4.800000e-11	4.043585e-10	3.437074e+02
4.900000e-11	4.026256e-10	3.434919e+02
5.000000e-11	4.037044e-10	3.433224e+02
5.100000e-11	4.112613e-10	3.447278e+02
5.200000e-11	3.978531e-10	3.439465e+02
5.300000e-11	4.005561e-10	3.454048e+02
5.400000e-11	3.966213e-10	3.458319e+02
5.500000e-11	3.960749e-10	3.470950e+02
5.600000e-11	3.954451e-10	3.470624e+02
5.700000e-11	3.946790e-10	3.475481e+02
5.800000e-11	4.003349e-10	3.479298e+02
5.900000e-11	3.966074e-10	3.482652e+02
6.000000e-11	3.914891e-10	3.496420e+02
6.100000e-11	3.951692e-10	3.500071e+02
6.200000e-11	3.895809e-10	3.502722e+02
6.300000e-11	3.950311e-10	3.500494e+02
6.400000e-11	3.886884e-10	3.518145e+02
6.500000e-11	3.811500e-10	3.524420e+02
6.600000e-11	3.839727e-10	3.515709e+02
6.700000e-11	3.841474e-10	3.523179e+02
6.800000e-11	3.846877e-10	3.528234e+02
6.900000e-11	3.779030e-10	3.537836e+02
7.000000e-11	3.768196e-10	3.537401e+02
7.100000e-11	3.792042e-10	3.538706e+02
7.200000e-11	3.741893e-10	3.549256e+02
7.300000e-11	3.716620e-10	3.548600e+02
7.400000e-11	3.769875e-10	3.545013e+02
7.500000e-11	3.705915e-10	3.555493e+02
7.600000e-11	3.655364e-10	3.561645e+02
7.700000e-11	3.641386e-10	3.565696e+02
7.800000e-11	3.621072e-10	3.568744e+02
7.900000e-11	3.540722e-10	3.569819e+02
8.000000e-11	3.626547e-10	3.579311e+02
8.100000e-11	3.584171e-10	3.570951e+02
8.200000e-11	3.615802e-10	3.575617e+02
8.300000e-11	3.521736e-10	3.594253e+02
8.400000e-11	3.530787e-10	3.588246e+02
8.500000e-11	3.590550e-10	3.594812e+02
8.600000e-11	3.622630e-10	3.590250e+02
8.700000e-11	3.555530e-10	3.596681e+02
8.800000e-11	3.536206e-10	3.610851e+02
8.900000e-11	3.524329e-10	3.613558e+02
9.000000e-11	3.511155e-10	3.623073e+02
9.100000e-11	3.522229e-10	3.616325e+02
9.200000e-11	3.548941e-10	3.622131e+02
9.300000e-11	3.508690e-10	3.623495e+02
9.400000e-11	3.509344e-10	3.629639e+02
9.500000e-11	3.459038e-10	3.634305e+02
9.600000e-11	3.542784e-10	3.637339e+02
9.700000e-11	3.480181e-10	3.645539e+02
9.800000e-11	3.455337e-10	3.645781e+02
9.900000e-11	3.473388e-10	3.650163e+02
1.000000e-10	3.471717e-10	3.649413e+02
1.010000e-10	3.450667e-10	3.655089e+02
510.954988
300.224269
510.954988
510.954988
510.954988
510.954988
365.510471
360.105745
331.613464
510.954988
269.880170
19.640172
510.954988
433.501310
343.334954
433.919470
107.912479
194.446510
510.954988
373.571301
510.954988
116.130769
396.735194
510.954988
510.954988
510.954988
510.954988
62.734238
510.954988
510.954988
510.954988
304.900258
424.145585
510.954988
38.497340
158.433569
510.954988
56.640277
510.954988
510.954988
91.277894
510.954988
510.954988
510.954988
46.870118
135.632780
1.789287
322.717029
510.954988
274.021025
288.099774
310.314012
69.529100
110.982771
380.793739
167.485845
36.272505
448.002377
510.954988
103.921796
163.006732
510.954988
57.333907
510.954988
510.954988
510.954988
510.954988
510.954988
510.954988
510.954988
427.398368
328.981204
306.221002
510.954988
77.361881
330.934535
510.954988
510.954988
359.433617
319.347553
510.954988
510.954988
510.954988
95.555819
501.130868
276.284205
410.203124
510.954988
510.954988
510.954988
16.481698
244.905001
226.061194
304.942710
307.820204
109.893918
510.954988
510.954988
418.474470
510.954988
510.954988
510.954988
99.501367
490.957278
510.954988
223.990763
146.444556
510.954988
510.954988
480.395322
59.994661
35.278484
510.954988
333.064278
311.963665
25.083943
156.469857
492.433604
510.954988
510.954988
418.561932
316.792418
261.314331
334.750340
510.954988
510.954988
510.954988
510.954988
510.954988
510.954988
122.429152
83.047030
510.954988
510.954988
138.606824
441.370691
161.991622
329.938805
264.442423
510.954988
510.954988
510.954988
23.591303
510.954988
288.839127
510.954988
359.906300
510.954988
71.970815
333.353548
135.160252
253.457327
510.954988
510.954988
310.440869
179.892924
510.954988
457.643001
510.954988
112.207741
510.954988
92.288716
510.954988
510.954988
510.954988
77.355253
307.655281
510.954988
510.954988
344.114613
179.623338
510.954988
510.954988
266.170947
26.536666
109.926679
229.968257
336.280083
510.954988
501.321161
487.774414
18.247938
337.627566
303.645640
510.954988
504.147915
411.848191
510.954988
510.954988
93.846584
510.954988
510.954988
337.660070
510.954988
208.831717
510.954988
510.954988
510.954988
510.954988
293.268284
439.444941
510.954988
161.877422
510.954988
3.940042
478.556103
486.721376
315.206145
510.954988
510.954988
370.465498
77.463326
239.434561
510.954988
446.093475
30.229438
305.200108
510.954988
174.781229
72.686550
510.954988
162.048174
510.954988
273.679982
33.731127
510.954988
510.954988
103.139933
510.954988
510.954988
510.954988
323.836162
510.954988
510.954988
127.453201
501.332487
510.954988
391.962434
510.954988
106.561100
510.954988
160.523348
510.954988
141.958504
510.954988
27.107021
240.096681
429.289795
270.098257
59.792068
132.276274
367.348863
443.292812
304.589725
510.954988
107.533069
510.954988
510.954988
158.962008
510.954988
308.692801
510.954988
425.041841
241.871184
160.991109
510.954988
352.950448
469.492235
403.160937
510.954988
80.067345
510.954988
510.954988
510.954988
504.657399
364.582480
510.954988
510.954988
510.954988
510.954988
458.392932
299.009647
510.954988
101.789024
510.954988
401.938872
18.965979
510.954988
72.099997
510.954988
169.865931
450.980880
510.954988
509.233334
510.954988
510.954988
460.882813
427.216087
510.954988
142.682360
289.587756
266.818180
426.915793
128.969286
344.287930
510.954988
345.621915
424.846078
501.900948
510.954988
510.954988
510.954988
38.968525
77.644491
304.668277
510.954988
510.954988
468.658176
510.954988
25.690786
303.713267
510.954988
510.954988
329.629047
253.887385
510.954988
510.954988
126.638021
63.008063
264.352688
225.058295
510.954988
96.366778
23.532891
510.954988
152.037704
510.954988
510.954988
76.304937
16.091961
510.954988
314.720641
510.954988
510.954988
510.954988
510.954988
375.111722
357.322742
492.805364
510.954988
510.954988
431.627819
89.569165
510.954988
365.576208
510.954988
510.954988
510.954988
408.333709
264.959005
510.954988
510.954988
510.954988
328.269753
406.763500
510.954988
510.954988
367.271324
510.954988
31.866329
332.112588
311.312450
366.409131
510.954988
510.954988
446.743145
172.981332
510.954988
126.026370
390.203408
510.954988
65.999880
22.397966
381.668129
279.624435
338.357597
510.954988
510.954988
510.954988
418.840300
510.954988
209.595335
390.297375
408.833366
26.823640
87.748062
79.303660
510.954988
198.045425
100.423499
384.044065
510.954988
510.954988
510.954988
276.345876
510.954988
401.938457
148.977778
510.954988
510.954988
381.852747
393.139116
495.157154
510.954988
510.954988
381.308046
510.359675
510.954988
56.636867
345.256640
510.954988
510.954988
37.700542
510.954988
132.372301
510.954988
147.450608
188.943927
510.954988
165.115093
73.703610
510.954988
153.766112
510.954988
449.659948
241.415000
180.821873
259.930167
283.634520
510.954988
510.954988
57.027238
510.954988
78.121942
190.827849
510.954988
510.954988
406.026441
510.954988
43.890919
510.954988
182.396724
510.954988
339.643435
85.692477
510.954988
372.241592
510.954988
455.626955
153.748249
410.305059
510.954988
24.319476
421.066602
297.416045
306.757423
261.294145
192.500398
424.193724
510.954988
510.954988
449.659948
208.656380
398.159867
510.954988
320.899937
51.288544
510.954988
510.954988
510.954988
448.712062
21.707307
486.279639
282.202888
510.954988
510.954988
333.561261
510.954988
510.954988
335.000686
510.954988
189.429286
0.383847
336.010714
246.751550
510.954988
268.767947
510.954988
510.954988
307.247758
201.715272
510.954988
510.954988
25.127197
203.979561
510.954988
321.964779
510.954988
309.982672
510.954988
64.311943
510.954988
510.954988
375.647524
311.907374
510.954988
293.143753
320.400116
510.954988
107.186426
510.954988
1.929143
292.615238
510.954988
51.024153
382.903877
329.199448
510.954988
510.954988
35.404173
510.954988
510.954988
445.359049
437.562558
375.346493
383.193372
113.240327
261.608085
497.804880
31.761827
84.469828
510.954988
510.954988
510.954988
510.954988
325.002684
510.954988
19.760521
510.954988
360.649053
287.937666
136.066560
510.954988
348.789676
70.811512
453.422094
413.662331
268.703646
61.006615
510.954988
510.954988
510.954988
358.754030
321.665743
240.429421
510.954988
500.298302
232.079538
510.954988
72.078054
378.657594
510.954988
161.553359
510.954988
510.954988
338.203514
510.954988
510.954988
352.726031
220.229176
510.954988
173.907310
510.954988
417.072611
202.893012
510.954988
510.954988
510.954988
333.467234
510.954988
61.108480
9.387165
510.954988
510.954988
510.954988
263.446005
54.411356
214.360198
510.954988
510.954988
38.514436
336.283254
267.103011
510.954988
53.806586
347.815033
257.909550
510.954988
132.338230
262.449156
142.436939
510.954988
510.954988
510.954988
510.954988
195.744069
6.415217
510.954988
297.005556
195.282922
262.686255
318.423184
25.883068
510.954988
351.838398
510.954988
127.914254
141.696108
510.954988
26.244232
128.663320
510.954988
115.927684
510.954988
510.954988
510.954988
510.954988
510.954988
347.004047
510.954988
510.954988
248.408998
83.633416
510.954988
510.954988
510.954988
262.409612
302.387767
510.954988
510.954988
510.954988
36.874500
484.313158
373.578442
510.954988
510.954988
487.005841
510.954988
342.391033
393.859438
404.966554
66.552172
295.061522
510.954988
510.954988
360.935458
124.375073
109.651394
510.954988
340.333714
438.282143
510.954988
510.954988
510.954988
304.428413
1.666112
510.954988
201.723539
510.954988
98.580451
510.954988
510.954988
184.003224
510.954988
510.954988
510.954988
510.954988
215.451585
34.055222
301.454536
510.954988
510.954988
510.954988
476.527091
246.070663
306.607461
256.211086
393.588750
510.954988
510.954988
510.954988
510.954988
510.954988
321.169639
176.597318
510.954988
510.954988
510.954988
322.900677
510.954988
510.954988
510.954988
510.954988
326.070669
297.831543
306.238518
510.954988
191.902636
111.406850
174.512875
491.130331
510.954988
424.510840
510.954988
311.505054
510.954988
500.884205
510.954988
417.482569
187.492686
510.954988
345.397081
510.954988
510.954988
510.954988
510.954988
303.778642
510.954988
510.954988
165.363773
248.391194
192.157950
273.868665
10.472718
510.954988
133.023964
448.501300
360.796049
405.676220
343.339233
207.778888
385.496835
395.008621
510.954988
510.954988
510.954988
510.954988
510.954988
510.954988
68.646257
481.567539
478.845891
244.882000
393.561743
346.327903
510.954988
279.747224
442.915109
424.369733
510.954988
351.022394
455.194797
155.911605
235.707201
222.896552
510.954988
510.954988
504.274667
114.321970
194.009589
218.746622
510.954988
510.954988
337.029022
510.954988
510.954988
301.981063
510.954988
207.853297
437.866167
298.993072
189.044714
172.660823
300.574507
510.954988
25.294554
510.954988
386.572606
283.579816
229.355061
510.954988
510.954988
510.954988
4.234341
284.471658
71.103197
245.128506
510.954988
309.155594
380.646336
510.954988
510.954988
51.187385
92.583095
422.142475
410.405958
510.954988
510.954988
303.206888
510.954988
102.247259
113.030813
510.954988
443.990022
74.344834
510.954988
126.640245
150.467293
281.937315
388.689574
510.954988
510.954988
510.954988
510.954988
510.954988
510.954988
237.994372
135.970355
325.334212
203.795506
278.861085
33.005358
80.197718
127.709797
510.954988
312.080106
105.082752
510.954988
510.954988
368.862809
72.272857
510.954988
216.080072
510.954988
299.256142
378.481562
315.803804
250.424183
432.588983
340.310575
510.954988
510.954988
42.185966
510.954988
510.954988
510.954988
510.954988
510.954988
414.224587
128.264682
104.691248
510.954988
306.276555
383.798818
510.954988
239.662916
510.954988
61.537108
262.988153
510.954988
510.954988
510.954988
320.749522
457.282412
167.294331
510.954988
510.954988
296.933257
510.954988
125.312009
510.954988
108.615028
410.453749
417.207008
110.376105
0.308157
510.954988
510.954988
510.954988
417.272642
510.954988
510.954988
510.954988
510.954988
510.954988
375.507329
380.953642
510.954988
61.423195
263.826495
510.954988
150.222916
510.954988
510.954988
510.954988
250.951824
410.927090
510.954988
341.064520
510.954988
271.486142
510.954988
510.954988
330.655768
510.954988
510.954988
69.066429
129.501002
310.891286
510.954988
510.954988
510.954988
310.532508
93.659310
449.926359
126.967343
510.954988
286.588140
510.954988
223.271155
48.383381
441.955983
510.954988
349.754074
481.709870
36.385798
510.954988
510.954988
510.954988
87.671142
510.954988
139.889159
510.954988
30.477911
388.090536
510.954988
221.477545
376.960272
392.862799
21.921953
183.888977
510.954988
365.975171
223.195979
510.954988
281.498483
377.541177
510.954988
78.073329
36.332370
510.954988
175.094963
510.954988
510.954988
196.094086
415.848516
369.073578
510.954988
510.954988
21.295839
510.954988
262.090552
107.202490
324.110084
399.141354
510.954988
232.424791
510.954988
510.954988
49.591485
336.186088
510.954988
52.533005
510.954988
178.471961
510.954988
276.386387
510.954988
170.028935
510.954988
510.954988
233.649962
510.954988
234.124227
47.429186
510.954988
353.611366
387.916951
510.954988
8.138994
10.190649
510.954988
510.954988
68.125012
126.781331
510.954988
41.165016
430.551860
319.641724
510.954988
510.954988
510.954988
207.436840
510.954988
47.393798
401.252017
507.305586
510.954988
510.954988
510.954988
510.954988
467.200883
510.954988
510.954988
510.954988
510.954988
510.954988
142.794577
372.214650
251.556984
510.954988
510.954988
38.783636
510.954988
510.954988
510.954988
314.534575
302.821241
510.954988
89.546087
21.071614
357.689617
130.789554
510.954988
510.954988
510.954988
510.954988
510.954988
177.793441
510.954988
510.954988
510.954988
510.954988
484.755294
367.723214
424.890490
68.559003
44.268980
134.815535
510.954988
332.418330
510.954988
417.908212
510.954988
300.276270
473.601839
510.954988
510.954988
244.791551
380.440442
510.954988
510.954988
510.954988
392.533440
510.954988
443.719030
510.954988
400.051138
304.308172
180.798677
510.954988
510.954988
510.954988
509.116808
191.496781
421.627278
264.274468
76.231840
327.870669
510.954988
153.886754
510.954988
391.792757
344.476636
416.228445
406.928884
510.954988
510.954988
510.954988
510.954988
510.954988
288.748461
83.129169
503.005995
510.954988
510.954988
140.922453
331.131984
510.954988
510.954988
510.954988
510.954988
395.547800
68.053399
510.954988
42.774408
510.954988
446.141914
379.231320
510.954988
510.954988
510.954988
510.954988
510.954988
389.656365
510.954988
195.457493
256.610939
183.841917
346.277371
510.954988
138.926792
410.258548
412.966990
422.722000
510.954988
154.387127
510.954988
510.954988
245.584234
417.638215
391.534089
510.954988
390.727223
510.954988
510.954988
243.269218
510.954988
184.040622
510.954988
391.054977
375.718083
216.356214
510.954988
296.396704
510.954988
353.742238
510.954988
83.638914
510.954988
510.954988
510.954988
47.453906
471.477783
75.045985
35.201272
179.382803
510.954988
362.101523
510.954988
90.061529
505.469784
510.954988
510.954988
453.358866
479.421490
218.354787
42.356417
510.954988
263.211324
510.954988
510.954988
158.540914
62.764108
510.954988
91.654910
510.954988
152.367475
243.443732
303.444591
20.748314
510.954988
493.480905
129.244149
510.954988
334.939557
510.954988
510.954988
510.954988
364.698874
385.986906
510.954988
84.914486
398.817991
66.835799
481.958830
66.287766
510.954988
361.218887
510.954988
154.418569
510.954988
310.962385
58.056214
510.954988
447.016881
390.124256
506.066851
510.954988
416.778990
510.954988
457.865958
332.605180
307.911059
152.435171
510.954988
431.871408
510.954988
510.954988
0.040191
319.125657
319.772769
510.954988
510.954988
510.954988
106.879301
510.954988
311.871229
368.430746
510.954988
7.235463
426.013814
247.061215
510.954988
383.181909
507.660032
250.203921
297.359857
510.954988
460.792575
215.761254
510.954988
255.569768
167.166373
510.954988
282.613927
62.056683
157.096042
349.082233
510.954988
172.366175
510.954988
412.189678
147.257723
510.954988
206.540596
510.954988
510.954988
126.302753
510.954988
359.443235
510.954988
510.954988
39.486788
510.954988
77.626740
306.382215
30.616824
510.954988
510.954988
510.954988
263.631990
311.432139
309.083772
510.954988
510.954988
510.954988
510.954988
287.381808
327.308779
510.954988
510.954988
215.947776
306.699377
22.519006
60.383505
347.977009
510.954988
184.441332
86.931176
319.038263
510.954988
279.561371
510.954988
463.505626
329.895141
307.307536
510.954988
510.954988
510.954988
320.710429
510.954988
510.954988
510.954988
510.954988
477.855360
510.954988
510.954988
483.431330
148.593058
510.954988
510.954988
70.457611
510.954988
399.361796
510.954988
510.954988
286.492716
95.271806
510.954988
510.954988
510.954988
329.160959
389.119611
510.954988
510.954988
510.954988
510.954988
510.954988
133.353116
510.954988
163.863127
468.194555
510.954988
418.341412
263.322460
176.951028
510.954988
45.585059
335.150845
476.206523
510.954988
407.984326
510.954988
510.954988
510.954988
399.078526
257.481202
510.954988
510.954988
315.346073
330.300776
510.954988
510.954988
15.923538
498.554899
141.722332
510.954988
346.110142
510.954988
84.682311
455.812849
510.954988
510.954988
201.930161
408.742057
455.331898
510.954988
24.908477
41.958462
510.954988
421.910979
341.105579
4.897340
510.954988
123.110498
474.493494
228.076628
394.888326
235.135227
510.954988
510.954988
298.008617
510.954988
65.735491
510.954988
217.138187
510.954988
510.954988
510.954988
39.369881
391.366424
510.954988
510.954988
68.936556
510.954988
510.954988
296.075568
510.954988
510.954988
78.216315
271.612451
468.209101
510.954988
196.199566
441.593010
295.565534
280.357750
23.082595
510.954988
314.104280
328.735563
117.357768
63.359411
510.954988
510.954988
510.954988
510.954988
510.954988
185.333207
510.954988
510.954988
127.304710
0.476082
510.954988
99.817743
510.954988
510.954988
289.677555
510.954988
85.789891
510.954988
221.697538
342.319246
333.762899
510.954988
503.519438
295.253310
510.954988
123.656665
510.954988
510.954988
62.665252
65.312142
97.977620
145.180713
480.447011
325.430584
418.120249
156.504197
316.611400
510.954988
510.954988
247.980147
184.492612
156.620954
510.954988
510.954988
56.950965
510.954988
510.954988
4.155639
307.602291
510.954988
202.894014
119.888321
125.159980
510.954988
297.045407
350.731662
25.297588
82.969449
510.954988
244.131517
426.958764
291.896820
368.540676
388.673887
510.954988
510.954988
268.345813
168.984208
510.954988
510.954988
322.351514
510.954988
510.954988
297.598996
489.872459
510.954988
57.872829
213.720317
510.954988
27.714147
227.529867
310.848907
510.954988
407.416724
510.954988
510.954988
510.954988
510.954988
78.779670
85.768053
265.791165
510.954988
510.954988
510.954988
510.954988
154.819490
510.954988
324.212800
509.479631
510.954988
72.542571
437.311722
510.954988
367.456143
510.954988
510.954988
158.890572
510.954988
443.972925
100.627759
24.392325
510.954988
510.954988
422.966577
510.954988
381.547720
35.122085
417.999488
510.954988
357.806276
73.913853
475.924291
364.445293
507.028765
404.766551
2.554582
330.946301
380.293508
356.159654
353.185323
510.954988
510.954988
258.902423
145.901543
510.954988
510.954988
374.968503
19.588013
510.954988
313.079762
510.954988
510.954988
510.954988
510.954988
332.508808
510.954988
126.451520
376.275280
510.954988
510.954988
510.954988
510.954988
14.934668
510.954988
510.954988
123.388628
401.732603
241.678064
275.840709
510.954988
510.954988
510.954988
510.954988
301.053385
510.954988
510.954988
510.954988
290.073388
510.954988
406.034812
510.954988
483.605221
302.024813
85.213111
30.266443
362.983963
322.066758
510.954988
237.096214
510.954988
136.042875
285.740983
156.564102
360.469484
75.854097
393.164908
510.954988
510.954988
424.895950
510.954988
510.954988
510.954988
419.531107
510.954988
17.946442
510.954988
312.169194
71.654156
510.954988
205.465315
302.880634
194.297079
445.307099
510.954988
510.954988
312.029354
402.588694
510.954988
199.090952
412.085884
510.954988
351.908259
146.246594
115.835690
106.741316
351.911135
510.954988
510.954988
510.954988
277.145415
510.954988
9.363493
